1000
2000
2
65
50
-0.600000
0.600000
-0.600000
0.600000
-0.600000
0.600000
-0.600000
0.600000
-0.600000
0.600000
-0.600000
0.600000
-0.600000
0.600000
-0.600000
0.600000
-0.600000
0.600000
-0.600000
0.600000
-0.600000
0.600000
-0.600000
0.600000
-0.600000
0.600000
-0.600000
0.600000
-0.600000
0.600000
-0.600000
0.600000
-0.600000
0.600000
-0.600000
0.600000
-0.600000
0.600000
-0.600000
0.600000
-0.600000
0.600000
-0.600000
0.600000
-0.600000
0.600000
-0.600000
0.600000
-0.600000
0.600000
-0.600000
0.600000
-0.600000
0.600000
-0.600000
0.600000
-0.600000
0.600000
-0.600000
0.600000
-0.600000
0.600000
-0.600000
0.600000
-0.600000
0.600000
-0.600000
0.600000
-0.600000
0.600000
-0.600000
0.600000
-0.600000
0.600000
-0.600000
0.600000
-0.600000
0.600000
-0.600000
0.600000
-0.600000
0.600000
-0.600000
0.600000
-0.600000
0.600000
-0.600000
0.600000
-0.600000
0.600000
-0.600000
0.600000
-0.600000
0.600000
-0.600000
0.600000
-0.600000
0.600000
-0.600000
0.600000
0.900000
0.050000
15
70
0
0

popsize
gen
#obj
#cons
#realvar
#realvar lower-upper limit
real_crossover
real_mutation
eta_c
eta_m
#bin_variable
choice_for_plotting