1000
2000
2
65
60
-0.600000
0.600000
-0.600000
0.600000
-0.600000
0.600000
-0.600000
0.600000
-0.600000
0.600000
-0.600000
0.600000
-0.600000
0.600000
-0.600000
0.600000
-0.600000
0.600000
-0.600000
0.600000
-0.600000
0.600000
-0.600000
0.600000
-0.600000
0.600000
-0.600000
0.600000
-0.600000
0.600000
-0.600000
0.600000
-0.600000
0.600000
-0.600000
0.600000
-0.600000
0.600000
-0.600000
0.600000
-0.600000
0.600000
-0.600000
0.600000
-0.600000
0.600000
-0.600000
0.600000
-0.600000
0.600000
-0.600000
0.600000
-0.600000
0.600000
-0.600000
0.600000
-0.600000
0.600000
-0.600000
0.600000
-0.600000
0.600000
-0.600000
0.600000
-0.600000
0.600000
-0.600000
0.600000
-0.600000
0.600000
-0.600000
0.600000
-0.600000
0.600000
-0.600000
0.600000
-0.600000
0.600000
-0.600000
0.600000
-0.600000
0.600000
-0.600000
0.600000
-0.600000
0.600000
-0.600000
0.600000
-0.600000
0.600000
-0.600000
0.600000
-0.600000
0.600000
-0.600000
0.600000
-0.600000
0.600000
-0.600000
0.600000
0.000000
360.000000
0.000000
360.000000
0.000000
360.000000
0.000000
360.000000
0.000000
360.000000
0.000000
360.000000
0.000000
360.000000
0.000000
360.000000
0.000000
360.000000
0.000000
360.000000
0.900000
0.050000
15
70
0
0
